7
20 19 18 17 16 15 14
4
7
20 19 18 17 16 15 14
2
7
20 19 18 17 16 15 14
1
11
20 19 18 17 16 15 14 13 12 11 10
8
11
20 19 18 17 16 15 14 13 12 11 10
4
11
20 19 18 17 16 15 14 13 12 11 10
1
15
20 19 18 17 16 15 14 13 12 11 10 9 8 7 6
12
15
20 19 18 17 16 15 14 13 12 11 10 9 8 7 6
6
15
20 19 18 17 16 15 14 13 12 11 10 9 8 7 6
1
21
20 19 18 17 16 15 14 13 12 11 10 9 8 7 6 5 4 3 2 1 0
18
21
20 19 18 17 16 15 14 13 12 11 10 9 8 7 6 5 4 3 2 1 0
10
21
20 19 18 17 16 15 14 13 12 11 10 9 8 7 6 5 4 3 2 1 0
1
