3 3
10 20 7 
47 32 15 
20 32 40 
0.270000 0.330000 0.380000 
0.360000 0.340000 0.320000 
0.160000 0.460000 0.320000
4 4
3 43 44 42 
44 23 7 34 
5 32 46 49 
40 1 30 25 
0.190000 0.130000 0.060000 0.420000 
0.180000 0.040000 0.360000 0.250000 
0.270000 0.370000 0.100000 0.470000 
0.300000 0.490000 0.260000 0.350000
5 5
46 37 19 46 18 
37 31 36 34 28 
2 29 12 6 14 
31 28 21 6 4 
35 46 29 32 21 
0.020000 0.330000 0.100000 0.020000 0.440000 
0.240000 0.010000 0.340000 0.450000 0.470000 
0.020000 0.320000 0.280000 0.390000 0.170000 
0.080000 0.430000 0.480000 0.210000 0.010000 
0.140000 0.020000 0.290000 0.350000 0.080000
6 6
3 14 33 48 16 14 
10 49 16 0 10 43 
47 26 20 40 4 20 
0 17 48 14 16 6 
35 5 17 2 30 22 
43 34 36 27 32 5 
0.430000 0.450000 0.040000 0.100000 0.450000 0.170000 
0.050000 0.440000 0.430000 0.250000 0.360000 0.490000 
0.470000 0.380000 0.160000 0.460000 0.020000 0.350000 
0.020000 0.390000 0.420000 0.190000 0.420000 0.220000 
0.420000 0.370000 0.060000 0.300000 0.160000 0.410000 
0.350000 0.100000 0.360000 0.420000 0.220000 0.330000
7 7
37 1 25 47 10 28 45 
47 0 25 14 5 43 36 
13 7 9 42 42 49 16 
18 30 7 37 4 7 15 
18 15 24 5 19 0 2 
31 30 48 30 32 25 44 
38 21 31 1 28 42 45 
0.200000 0.430000 0.120000 0.400000 0.250000 0.210000 0.290000 
0.290000 0.300000 0.440000 0.490000 0.470000 0.190000 0.040000 
0.160000 0.210000 0.090000 0.480000 0.010000 0.090000 0.300000 
0.360000 0.340000 0.250000 0.240000 0.070000 0.080000 0.250000 
0.370000 0.020000 0.230000 0.090000 0.450000 0.350000 0.490000 
0.210000 0.080000 0.280000 0.020000 0.380000 0.250000 0.020000 
0.370000 0.440000 0.080000 0.040000 0.170000 0.190000 0.040000 
